Matematicas: 5.645161290322581
Lenguaje: 5.419354838709677
Fisica: 6.225806451612903
Quimica: 3.967741935483871
Ingles: 5.806451612903226
