Matematicas: 4.235294117647059
Lenguaje: 4.117647058823529
Fisica: 5.117647058823529
Quimica: 3.823529411764706
Ingles: 4.588235294117647
