Matematicas: 3.9130434782608696
Lenguaje: 3.652173913043478
Fisica: 4.695652173913044
Quimica: 3.217391304347826
Ingles: 4.391304347826087
