Matematicas: 3.823529411764706
Lenguaje: 4.117647058823529
Fisica: 4.647058823529412
Quimica: 2.6470588235294117
Ingles: 3.8823529411764706
