Matematicas: 4.6521739130434785
Lenguaje: 4.826086956521739
Fisica: 5.608695652173913
Quimica: 3.5217391304347827
Ingles: 4.695652173913044
